$ANSIBLE_VAULT;1.1;AES256
66356330353937326538333838623231363432346261613665616234393731333966323834363636
3137306365333032656266303262346633656338373462650a316534316236363139653338626237
31376134623535326237303930376134356534313462306137303533303765646533366566363265
3937363131666331330a613532356138393035626330663239363463616662616331363465393163
34303333326163306435363737326562356365656631363834383332666266383632626338306166
64316433316666633231663836633239376235656366623836343335356434363665323833306632
36333961363264366363313331353230613030323564663361333836346634326231613363643664
39326462343665393963343362353530383134646333313666333135663737343365346238303132
37356465373631353063363037376139346535313361653638383636343232643933623563633438
32636332363433363934653664383932393038313262393631666432356366373136366565653362
32363931373233303162373135383536386433663062346135663232343633373934383232663364
35376133343264386537
